1 0.3703125 0.29765625 0.04375 0.0328125
1 0.68515625 0.41484375 0.0453125 0.0265625
1 0.83359375 0.31640625 0.0390625 0.0328125
1 0.9796875 0.34140625 0.04375 0.0390625
1 0.778125 0.16328125 0.034375 0.0296875
1 0.90390625 0.49296875 0.0296875 0.0359375
1 0.640625 0.7234375 0.034375 0.04375
1 0.53359375 0.5484375 0.0390625 0.040625
1 0.39453125 0.4265625 0.0359375 0.03125
1 0.30546875 0.38125 0.0453125 0.04375
1 0.03046875 0.4265625 0.0296875 0.03125
1 0.0890625 0.32109375 0.025 0.0203125
1 0.66640625 0.50546875 0.0359375 0.0359375
