1 0.4671875 0.5546875 0.040625 0.04375
1 0.6046875 0.4328125 0.028125 0.034375
1 0.6875 0.3828125 0.04375 0.05625
1 0.6359375 0.3078125 0.040625 0.03125
1 0.97265625 0.42734375 0.0265625 0.0296875
1 0.85625 0.3640625 0.03125 0.03125
1 0.9125 0.3203125 0.021875 0.021875
1 0.94453125 0.2671875 0.0203125 0.021875
1 0.36484375 0.72890625 0.0296875 0.0453125
1 0.31953125 0.41015625 0.0390625 0.0265625
1 0.17109375 0.32109375 0.0359375 0.0265625
1 0.02265625 0.34296875 0.0359375 0.0328125
1 0.109375 0.49296875 0.034375 0.0390625
