1 0.64453125 0.7203125 0.0390625 0.034375
1 0.5328125 0.55703125 0.04375 0.0390625
1 0.39453125 0.43515625 0.0265625 0.0296875
1 0.31796875 0.38359375 0.0453125 0.0484375
1 0.37109375 0.31015625 0.0453125 0.0484375
1 0.89765625 0.4953125 0.0359375 0.040625
1 0.98359375 0.34140625 0.0359375 0.0453125
1 0.84453125 0.325 0.0453125 0.040625
1 0.7765625 0.1625 0.028125 0.03125
1 0.0328125 0.428125 0.025 0.034375
1 0.09296875 0.3234375 0.0296875 0.03125
1 0.14921875 0.36171875 0.0328125 0.0265625
1 0.06015625 0.271875 0.0203125 0.021875
