1 0.521875 0.37734375 0.025 0.0296875
1 0.5375 0.28515625 0.05625 0.0453125
1 0.62578125 0.30078125 0.0703125 0.0578125
1 0.4921875 0.11953125 0.025 0.0296875
1 0.49609375 0.05390625 0.0359375 0.0265625
1 0.375 0.04609375 0.03125 0.0265625
1 0.46484375 0.559375 0.0515625 0.04375
1 0.35546875 0.721875 0.0328125 0.040625
1 0.80234375 0.7328125 0.0390625 0.053125
1 0.66640625 0.8609375 0.0359375 0.03125
1 0.8421875 0.8765625 0.03125 0.034375
1 0.92421875 0.615625 0.0359375 0.040625
1 0.91015625 0.36171875 0.0203125 0.0265625
