0 0.66875 0.1765625 0.21875 0.18125
0 0.3296875 0.1015625 0.1125 0.1375
0 0.6625 0.3109375 0.259375 0.1375
0 0.3078125 0.2796875 0.1125 0.1
0 0.221875 0.2203125 0.10625 0.14375
0 0.9625 0.278125 0.078125 0.134375
0 0.8296875 0.0984375 0.184375 0.19375
0 0.8390625 0.3328125 0.075 0.159375
0 0.1421875 0.35 0.09375 0.071875
0 0.1234375 0.5671875 0.115625 0.121875
0 0.1359375 0.7328125 0.15 0.225
0 0.259375 0.703125 0.10625 0.13125
0 0.4734375 0.7203125 0.60625 0.259375
0 0.6390625 0.803125 0.2375 0.2125
0 0.884375 0.8703125 0.23125 0.2625
0 0.8265625 0.6140625 0.10625 0.2
0 0.9359375 0.6390625 0.13125 0.11875
0 0.1921875 0.4109375 0.0875 0.246875
