0 0.671875 0.1796875 0.23125 0.19375
0 0.3109375 0.0984375 0.121875 0.146875
0 0.665625 0.3234375 0.275 0.15
0 0.2859375 0.290625 0.121875 0.10625
0 0.19375 0.225 0.115625 0.153125
0 0.971875 0.2890625 0.059375 0.1375
0 0.846875 0.1 0.190625 0.196875
0 0.8546875 0.346875 0.08125 0.16875
0 0.109375 0.3640625 0.1 0.075
0 0.090625 0.5984375 0.125 0.13125
0 0.103125 0.775 0.159375 0.2375
0 0.234375 0.74375 0.1125 0.1375
0 0.4625 0.759375 0.646875 0.275
0 0.6421875 0.8484375 0.253125 0.228125
0 0.89375 0.890625 0.215625 0.221875
0 0.840625 0.6484375 0.1125 0.215625
0 0.94375 0.6765625 0.115625 0.128125
0 0.1640625 0.43125 0.09375 0.2625
