0 0.8265625 0.334375 0.18125 0.21875
0 0.9015625 0.6734375 0.1375 0.1125
0 0.6921875 0.340625 0.1375 0.259375
0 0.7234375 0.6953125 0.1 0.1125
0 0.7828125 0.78125 0.14375 0.109375
0 0.725 0.040625 0.134375 0.078125
0 0.9046875 0.1734375 0.19375 0.184375
0 0.6703125 0.1640625 0.159375 0.075
0 0.653125 0.8609375 0.071875 0.09375
0 0.4359375 0.8796875 0.121875 0.115625
0 0.2703125 0.8671875 0.225 0.15
0 0.3 0.74375 0.13125 0.10625
0 0.2828125 0.5296875 0.259375 0.60625
0 0.2 0.3640625 0.2125 0.2375
0 0.1328125 0.11875 0.2625 0.23125
0 0.3890625 0.1765625 0.2 0.10625
0 0.3640625 0.0671875 0.11875 0.13125
0 0.5921875 0.8109375 0.246875 0.0875
