0 0.76875 0.3546875 0.196875 0.2375
0 0.85 0.721875 0.15 0.121875
0 0.6234375 0.3609375 0.15 0.28125
0 0.6546875 0.7453125 0.1125 0.121875
0 0.721875 0.8390625 0.15625 0.11875
0 0.6578125 0.040625 0.14375 0.078125
0 0.875 0.1859375 0.253125 0.209375
0 0.5984375 0.1703125 0.16875 0.084375
0 0.58125 0.925 0.08125 0.1
0 0.3453125 0.940625 0.13125 0.121875
0 0.165625 0.925 0.240625 0.153125
0 0.1984375 0.7984375 0.1375 0.1125
0 0.18125 0.5671875 0.28125 0.65625
0 0.1046875 0.3859375 0.20625 0.25625
0 0.08125 0.11875 0.159375 0.234375
0 0.29375 0.1859375 0.21875 0.1125
0 0.265625 0.0703125 0.13125 0.1375
0 0.5140625 0.8703125 0.26875 0.09375
