0 0.1796875 0.33125 0.19375 0.23125
0 0.0984375 0.6921875 0.146875 0.121875
0 0.3234375 0.3375 0.15 0.275
0 0.290625 0.7171875 0.10625 0.121875
0 0.225 0.809375 0.153125 0.115625
0 0.2890625 0.03125 0.1375 0.059375
0 0.1 0.15625 0.196875 0.190625
0 0.346875 0.1484375 0.16875 0.08125
0 0.3640625 0.89375 0.075 0.1
0 0.5984375 0.9125 0.13125 0.125
0 0.775 0.9 0.2375 0.159375
0 0.74375 0.76875 0.1375 0.1125
0 0.759375 0.540625 0.275 0.646875
0 0.8484375 0.3609375 0.228125 0.253125
0 0.890625 0.109375 0.221875 0.215625
0 0.6484375 0.1625 0.215625 0.1125
0 0.6765625 0.059375 0.128125 0.115625
0 0.43125 0.8390625 0.2625 0.09375
