0 0.234375 0.6484375 0.196875 0.2375
0 0.153125 0.28125 0.15 0.121875
0 0.3796875 0.6421875 0.15 0.28125
0 0.3484375 0.2578125 0.1125 0.121875
0 0.28125 0.1640625 0.15625 0.11875
0 0.3453125 0.9625 0.14375 0.078125
0 0.128125 0.8171875 0.253125 0.209375
0 0.4046875 0.8328125 0.16875 0.084375
0 0.421875 0.078125 0.08125 0.1
0 0.6578125 0.0625 0.13125 0.121875
0 0.8375 0.078125 0.240625 0.153125
0 0.8046875 0.2046875 0.1375 0.1125
0 0.821875 0.4359375 0.28125 0.65625
0 0.8984375 0.6171875 0.20625 0.25625
0 0.921875 0.884375 0.159375 0.234375
0 0.709375 0.8171875 0.21875 0.1125
0 0.7375 0.9328125 0.13125 0.1375
0 0.4890625 0.1328125 0.26875 0.09375
