0 0.5453125 0.2375 0.028125 0.015625
0 0.46875 0.3140625 0.025 0.0125
0 0.43125 0.55625 0.0375 0.0125
0 0.528125 0.6 0.028125 0.0125
0 0.4765625 0.8046875 0.025 0.0125
0 0.428125 0.8171875 0.0125 0.0125
0 0.50625 0.9109375 0.025 0.009375
0 0.4015625 0.884375 0.01875 0.0125
0 0.321875 0.5765625 0.01875 0.009375
0 0.25625 0.725 0.0125 0.00625
0 0.2703125 0.7421875 0.0125 0.009375
0 0.2453125 0.5984375 0.009375 0.00625
0 0.1421875 0.671875 0.0125 0.009375
0 0.1875 0.615625 0.01875 0.00625
0 0.1203125 0.6609375 0.0125 0.00625
0 0.1453125 0.5296875 0.0125 0.00625
0 0.1453125 0.50625 0.0125 0.00625
0 0.040625 0.4984375 0.0125 0.00625
0 0.040625 0.575 0.0125 0.00625
