0 0.228125 0.0328125 0.03125 0.015625
0 0.6203125 0.0546875 0.01875 0.015625
0 0.5 0.259375 0.021875 0.0125
0 0.553125 0.3375 0.01875 0.0125
0 0.45 0.6171875 0.025 0.015625
0 0.5546875 0.578125 0.025 0.0125
0 0.4609375 0.8328125 0.025 0.0125
0 0.509375 0.8484375 0.025 0.015625
0 0.4140625 0.9453125 0.025 0.0125
0 0.5328125 0.921875 0.021875 0.0125
0 0.6578125 0.6046875 0.0125 0.015625
0 0.6828125 0.778125 0.015625 0.0125
0 0.7015625 0.7609375 0.015625 0.00625
0 0.7859375 0.646875 0.00625 0.00625
0 0.7328125 0.628125 0.0125 0.00625
0 0.84375 0.5421875 0.0125 0.00625
0 0.8390625 0.5640625 0.00625 0.00625
0 0.9484375 0.5390625 0.009375 0.00625
0 0.9390625 0.615625 0.0125 0.00625
0 0.825 0.7078125 0.0125 0.00625
0 0.846875 0.6984375 0.009375 0.00625
