0 0.39375 0.48125 0.01875 0.0125
0 0.453125 0.590625 0.025 0.0125
0 0.4265625 0.646875 0.021875 0.0125
0 0.559375 0.6609375 0.015625 0.0125
0 0.4265625 0.7546875 0.015625 0.009375
0 0.4609375 0.878125 0.015625 0.0125
0 0.503125 0.9171875 0.015625 0.0125
0 0.51875 0.9359375 0.015625 0.00625
0 0.475 0.790625 0.015625 0.009375
0 0.5234375 0.75625 0.00625 0.015625
0 0.625 0.7765625 0.021875 0.00625
0 0.6453125 0.8109375 0.015625 0.0125
0 0.55625 0.1375 0.025 0.015625
0 0.4734375 0.109375 0.01875 0.0125
0 0.1875 0.0203125 0.021875 0.0125
