0 0.48125 0.609375 0.0125 0.01875
0 0.590625 0.55 0.0125 0.025
0 0.646875 0.5765625 0.0125 0.021875
0 0.6609375 0.44375 0.0125 0.015625
0 0.7546875 0.5765625 0.009375 0.015625
0 0.878125 0.5421875 0.0125 0.015625
0 0.9171875 0.5 0.0125 0.015625
0 0.9359375 0.484375 0.00625 0.015625
0 0.790625 0.528125 0.009375 0.015625
0 0.75625 0.4796875 0.015625 0.00625
0 0.7765625 0.378125 0.00625 0.021875
0 0.8109375 0.3578125 0.0125 0.015625
0 0.1375 0.446875 0.015625 0.025
0 0.109375 0.5296875 0.0125 0.01875
0 0.0203125 0.815625 0.0125 0.021875
