0 0.3859375 0.546875 0.03125 0.05
0 0.1890625 0.5609375 0.040625 0.059375
0 0.325 0.4265625 0.01875 0.025
0 0.190625 0.3984375 0.03125 0.040625
0 0.1140625 0.3609375 0.021875 0.03125
0 0.0453125 0.315625 0.021875 0.034375
0 0.140625 0.2984375 0.025 0.025
0 0.25 0.271875 0.01875 0.025
0 0.184375 0.103125 0.0125 0.025
0 0.2046875 0.065625 0.0125 0.025
0 0.23125 0.021875 0.0125 0.021875
0 0.0578125 0.278125 0.01875 0.028125
0 0.1078125 0.228125 0.015625 0.03125
0 0.1484375 0.228125 0.01875 0.03125
0 0.1921875 0.2109375 0.021875 0.01875
0 0.2140625 0.178125 0.01875 0.0125
0 0.315625 0.0359375 0.0125 0.0125
