0 0.45625 0.3859375 0.05 0.03125
0 0.4421875 0.1890625 0.059375 0.040625
0 0.5765625 0.325 0.025 0.01875
0 0.6046875 0.190625 0.040625 0.03125
0 0.6421875 0.1140625 0.03125 0.021875
0 0.6875 0.0453125 0.034375 0.021875
0 0.7046875 0.140625 0.025 0.025
0 0.73125 0.25 0.025 0.01875
0 0.9 0.184375 0.025 0.0125
0 0.9375 0.2046875 0.025 0.0125
0 0.98125 0.23125 0.021875 0.0125
0 0.725 0.0578125 0.028125 0.01875
0 0.775 0.1078125 0.03125 0.015625
0 0.775 0.1484375 0.03125 0.01875
0 0.7921875 0.1921875 0.01875 0.021875
0 0.825 0.2140625 0.0125 0.01875
0 0.9671875 0.315625 0.0125 0.0125
