0 0.571875 0.2203125 0.028125 0.0125
0 0.4796875 0.296875 0.01875 0.0125
0 0.4046875 0.5390625 0.025 0.015625
0 0.49375 0.5875 0.025 0.009375
0 0.4203125 0.7828125 0.021875 0.0125
0 0.3703125 0.79375 0.025 0.01875
0 0.328125 0.8546875 0.025 0.0125
0 0.4328125 0.88125 0.01875 0.0125
0 0.6203125 0.9890625 0.01875 0.0125
0 0.2484375 0.96875 0.025 0.01875
0 0.296875 0.5578125 0.01875 0.01875
0 0.2109375 0.7015625 0.015625 0.009375
0 0.225 0.715625 0.0125 0.00625
0 0.215625 0.575 0.0125 0.009375
0 0.15625 0.5875 0.0125 0.009375
0 0.1234375 0.478125 0.0125 0.0125
0 0.1234375 0.5015625 0.01875 0.00625
0 0.015625 0.4640625 0.0125 0.00625
0 0.08125 0.6296875 0.0125 0.009375
0 0.1 0.640625 0.015625 0.00625
0 0.0078125 0.54375 0.00625 0.00625
