0 0.43125 0.7828125 0.028125 0.0125
0 0.5234375 0.70625 0.01875 0.0125
0 0.5984375 0.4640625 0.025 0.015625
0 0.509375 0.415625 0.025 0.009375
0 0.5828125 0.2203125 0.021875 0.0125
0 0.6328125 0.209375 0.025 0.01875
0 0.675 0.1484375 0.025 0.0125
0 0.5703125 0.121875 0.01875 0.0125
0 0.3828125 0.0140625 0.01875 0.0125
0 0.7546875 0.034375 0.025 0.01875
0 0.70625 0.4453125 0.01875 0.01875
0 0.7921875 0.3015625 0.015625 0.009375
0 0.778125 0.2875 0.0125 0.00625
0 0.7875 0.428125 0.0125 0.009375
0 0.846875 0.415625 0.0125 0.009375
0 0.8796875 0.525 0.0125 0.0125
0 0.8796875 0.5015625 0.01875 0.00625
0 0.9875 0.5390625 0.0125 0.00625
0 0.921875 0.3734375 0.0125 0.009375
0 0.903125 0.3625 0.015625 0.00625
0 0.9953125 0.459375 0.00625 0.00625
