0 0.76875 0.3359375 0.0125 0.0125
0 0.784375 0.1875 0.0125 0.00625
0 0.8265625 0.315625 0.0125 0.00625
0 0.8375 0.825 0.009375 0.00625
0 0.76875 0.721875 0.009375 0.0125
0 0.8203125 0.6921875 0.0125 0.009375
1 0.83359375 0.88984375 0.0109375 0.0109375
1 0.8484375 0.88515625 0.0125 0.0078125
1 0.84609375 0.86796875 0.0078125 0.0140625
0 0.828125 0.590625 0.00625 0.009375
0 0.903125 0.5328125 0.00625 0.00625
0 0.83125 0.58125 0.00625 0.00625
0 0.8375 0.5765625 0.00625 0.00625
0 0.953125 0.5703125 0.00625 0.00625
0 0.9484375 0.5671875 0.00625 0.00625
0 0.9390625 0.5671875 0.00625 0.00625
