0 0.76875 0.6671875 0.0125 0.0125
0 0.784375 0.815625 0.0125 0.00625
0 0.8265625 0.6875 0.0125 0.00625
0 0.8375 0.178125 0.009375 0.00625
0 0.76875 0.28125 0.009375 0.0125
0 0.8203125 0.3109375 0.0125 0.009375
1 0.83359375 0.11328125 0.0109375 0.0109375
1 0.8484375 0.11796875 0.0125 0.0078125
1 0.84609375 0.13515625 0.0078125 0.0140625
0 0.828125 0.4125 0.00625 0.009375
0 0.903125 0.4703125 0.00625 0.00625
0 0.83125 0.421875 0.00625 0.00625
0 0.8375 0.4265625 0.00625 0.00625
0 0.953125 0.4328125 0.00625 0.00625
0 0.9484375 0.4359375 0.00625 0.00625
0 0.9390625 0.4359375 0.00625 0.00625
