0 0.3265625 0.184375 0.028125 0.021875
0 0.5203125 0.1640625 0.03125 0.025
0 0.36875 0.5859375 0.0375 0.01875
0 0.4578125 0.625 0.0375 0.01875
0 0.2875 0.790625 0.028125 0.021875
0 0.503125 0.759375 0.025 0.01875
0 0.671875 0.3125 0.015625 0.015625
0 0.7 0.65625 0.025 0.0125
0 0.678125 0.678125 0.01875 0.0125
0 0.8359375 0.5984375 0.0125 0.00625
0 0.7890625 0.5265625 0.0125 0.00625
0 0.725 0.5 0.0125 0.00625
0 0.8390625 0.4375 0.0125 0.00625
0 0.84375 0.4140625 0.009375 0.009375
0 0.85625 0.5890625 0.0125 0.00625
0 0.95 0.5 0.0125 0.00625
0 0.9546875 0.415625 0.0125 0.00625
