0 0.81875 0.6765625 0.021875 0.028125
0 0.8390625 0.4828125 0.025 0.03125
0 0.4171875 0.634375 0.01875 0.0375
0 0.378125 0.5453125 0.01875 0.0375
0 0.2125 0.715625 0.025 0.028125
0 0.24375 0.5 0.01875 0.025
0 0.690625 0.33125 0.015625 0.015625
0 0.346875 0.303125 0.0125 0.025
0 0.325 0.325 0.0125 0.01875
0 0.4046875 0.1671875 0.00625 0.0125
0 0.4765625 0.2140625 0.00625 0.0125
0 0.503125 0.278125 0.00625 0.0125
0 0.565625 0.1640625 0.00625 0.0125
0 0.5890625 0.159375 0.009375 0.009375
0 0.4140625 0.146875 0.00625 0.0125
0 0.503125 0.053125 0.00625 0.0125
0 0.5875 0.0484375 0.00625 0.0125
