0 0.5046875 0.853125 0.03125 0.01875
0 0.540625 0.68125 0.0375 0.03125
1 0.290625 0.5640625 0.109375 0.040625
0 0.503125 0.6640625 0.0375 0.015625
0 0.49375 0.7109375 0.05 0.0125
0 0.4578125 0.6984375 0.04375 0.03125
0 0.5609375 0.703125 0.025 0.01875
0 0.5453125 0.7203125 0.03125 0.01875
0 0.396875 0.7046875 0.0625 0.015625
0 0.4375 0.6546875 0.03125 0.021875
0 0.4734375 0.659375 0.01875 0.025
0 0.45625 0.7359375 0.0375 0.025
0 0.5359375 0.746875 0.021875 0.025
0 0.4328125 0.6328125 0.03125 0.009375
