0 0.628125 0.621875 0.0125 0.021875
0 0.734375 0.55 0.0125 0.01875
0 0.2390625 0.903125 0.0125 0.025
0 0.040625 0.8953125 0.00625 0.01875
0 0.7953125 0.56875 0.00625 0.0125
0 0.79375 0.4359375 0.015625 0.015625
0 0.9359375 0.4984375 0.0125 0.015625
0 0.8984375 0.4546875 0.00625 0.015625
0 0.9046875 0.5515625 0.00625 0.01875
0 0.3265625 0.509375 0.0125 0.025
0 0.303125 0.5984375 0.0125 0.015625
0 0.1390625 0.471875 0.015625 0.01875
0 0.2890625 0.1734375 0.00625 0.025
0 0.271875 0.2953125 0.0125 0.025
0 0.2640625 0.1828125 0.009375 0.0125
0 0.225 0.2734375 0.009375 0.01875
0 0.140625 0.3796875 0.0125 0.0125
0 0.0859375 0.2546875 0.0125 0.015625
0 0.9375 0.3265625 0.00625 0.01875
0 0.90625 0.3546875 0.00625 0.01875
0 0.1484375 0.178125 0.009375 0.015625
