0 0.38125 0.375 0.021875 0.0125
0 0.453125 0.26875 0.01875 0.0125
0 0.1 0.7640625 0.025 0.0125
0 0.1078125 0.9625 0.01875 0.00625
0 0.434375 0.2078125 0.0125 0.00625
0 0.5671875 0.209375 0.015625 0.015625
0 0.5046875 0.0671875 0.015625 0.0125
0 0.5484375 0.1046875 0.015625 0.00625
0 0.4515625 0.0984375 0.01875 0.00625
0 0.49375 0.6765625 0.025 0.0125
0 0.4046875 0.7 0.015625 0.0125
0 0.53125 0.8640625 0.01875 0.015625
0 0.8296875 0.7140625 0.025 0.00625
0 0.7078125 0.73125 0.025 0.0125
0 0.8203125 0.7390625 0.0125 0.009375
0 0.7296875 0.778125 0.01875 0.009375
0 0.6234375 0.8625 0.0125 0.0125
0 0.7484375 0.9171875 0.015625 0.0125
0 0.6765625 0.065625 0.01875 0.00625
0 0.6484375 0.096875 0.01875 0.00625
0 0.825 0.8546875 0.015625 0.009375
